BRUC_00005	WP_004687431.1	100.000	317	317	317	0.0	642
BRUC_00006	WP_006191791.1	100.000	114	114	114	6.28e-80	226
BRUC_00007	WP_002966247.1	100.000	54	54	83	2.76e-32	102
BRUC_00008	WP_006191802.1	100.000	530	530	530	0.0	1084
BRUC_00008	WP_004691963.1	38.676	287	530	544	2.37e-48	172
BRUC_00008	WP_004692148.1	31.939	263	530	765	7.40e-37	141
BRUC_00008	WP_004690621.1	31.783	258	530	964	1.97e-35	137
BRUC_00008	WP_004692008.1	31.343	268	530	703	1.22e-31	125
BRUC_00009	WP_004690098.1	100.000	295	295	295	0.0	607
BRUC_00009	WP_006190446.1	28.070	285	295	310	1.08e-19	84.0
BRUC_00009	WP_004687104.1	28.716	296	295	310	9.00e-15	69.7
BRUC_00009	WP_002964604.1	25.175	286	295	301	1.18e-09	54.7
BRUC_00009	WP_004692228.1	42.466	73	295	302	1.20e-09	54.7
BRUC_00009	WP_004684628.1	26.217	267	295	297	1.23e-08	51.6
BRUC_00009	WP_004690103.1	22.761	268	295	317	3.08e-08	50.4
BRUC_00009	WP_002968505.1	36.441	118	295	322	2.08e-07	47.8
BRUC_00009	WP_002965017.1	30.636	173	295	327	3.97e-06	43.9
BRUC_00010	WP_006191807.1	100.000	471	471	471	0.0	970
BRUC_00010	WP_002963689.1	43.750	480	471	474	5.68e-123	363
BRUC_00011	WP_004690100.1	100.000	477	477	477	0.0	962
BRUC_00011	WP_004688677.1	28.238	386	477	451	5.07e-25	103
BRUC_00012	WP_002968345.1	100.000	368	368	368	0.0	737
BRUC_00013	WP_002966239.1	100.000	451	451	451	0.0	895
BRUC_00014	WP_006191810.1	100.000	497	497	497	0.0	999
BRUC_00015	WP_006191813.1	100.000	357	357	357	0.0	738
BRUC_00016	WP_004690103.1	100.000	317	317	317	0.0	646
BRUC_00016	WP_004690256.1	34.247	292	317	301	6.19e-49	162
BRUC_00016	WP_004692228.1	24.104	307	317	302	1.71e-15	72.0
BRUC_00016	WP_002966181.1	25.564	266	317	295	1.61e-12	63.2
BRUC_00016	WP_002965017.1	25.000	288	317	327	3.24e-12	62.8
BRUC_00016	WP_002968505.1	27.063	303	317	322	9.30e-11	58.2
BRUC_00016	WP_002964604.1	37.805	82	317	301	3.58e-10	56.2
BRUC_00016	WP_002965276.1	25.490	204	317	299	8.96e-10	55.1
BRUC_00016	WP_006190446.1	25.869	259	317	310	2.85e-09	53.5
BRUC_00016	WP_004690098.1	22.761	268	317	295	5.16e-08	49.7
BRUC_00016	WP_002966419.1	20.073	274	317	294	8.25e-08	49.3
BRUC_00016	WP_002972125.1	24.194	124	317	304	3.27e-06	44.3
BRUC_00017	WP_004690104.1	100.000	499	499	499	0.0	1047
BRUC_00018	WP_002969359.1	100.000	57	57	57	8.41e-38	116
BRUC_00019	WP_006133716.1	100.000	208	208	208	1.20e-151	416
BRUC_00020	WP_006191817.1	100.000	429	429	429	0.0	866
BRUC_00020	WP_004690500.1	30.447	358	429	465	2.48e-25	104
BRUC_00021	WP_002966230.1	100.000	151	191	151	1.97e-110	308
BRUC_00021	WP_006071940.1	63.889	36	191	201	5.42e-09	50.4
BRUC_00022	WP_004687422.1	100.000	210	210	210	2.50e-154	422
BRUC_00023	WP_004690106.1	100.000	520	520	520	0.0	1069
BRUC_00023	WP_004691036.1	23.350	197	520	731	1.54e-09	56.6
BRUC_00023	WP_004691011.1	27.551	196	520	407	9.32e-08	50.4
BRUC_00024	WP_004690107.1	100.000	402	418	402	0.0	830
BRUC_00025	WP_006191822.1	100.000	76	76	76	5.27e-54	158
BRUC_00026	WP_006073479.1	100.000	352	352	352	0.0	712
